73
62 719
481 729
634 444
19 499
312 383
211 841
512 829
884 8
383 379
211 837
165 145
559 130
939 137
962 715
751 904
818 571
391 697
823 267
79 270
798 800
558 102
354 852
257 359
698 11
318 864
580 634
90 17
90 938
914 921
565 377
52 481
792 774
939 204
813 694
230 589
44 128
766 721
178 181
46 263
0 0
755 641
201 60
489 765
853 625
252 655
482 796
721 941
143 662
230 783
294 417
874 975
542 866
384 53
144 484
541 186
36 62
563 721
93 501
520 545
759 615
213 97
610 575
936 749
937 290
887 637
870 350
19 130
602 890
776 314
330 518
811 903
407 519
286 313
